Adjacent sides:
a = (2.00, 4.00, -5.00)
b = (1.00, 2.00, 3.00)

Diagonals:
d1 = (3.00, 6.00, -2.00)
d2 = (1.00, 2.00, -8.00)

Unit vectors parallel to diagonals:
u1 = (0.428571, 0.857143, -0.285714)
u2 = (0.120386, 0.240772, -0.963087)

Area of parallelogram = 24.596748
